-3.999992000000000131e-02
-4.000006999999999868e-02
-4.000008000000000036e-02
-4.000004000000000060e-02
-4.000013000000000180e-02
-4.000004000000000060e-02
-4.000009999999999677e-02
-4.000005000000000227e-02
-4.000013000000000180e-02
-4.000008000000000036e-02
-4.000000000000000083e-02
-4.000006999999999868e-02
-4.000000000000000083e-02
-4.000005000000000227e-02
-4.000001000000000251e-02
-4.000002999999999892e-02
-4.000008000000000036e-02
-4.000005000000000227e-02
-4.000010999999999844e-02
-4.000009999999999677e-02
-4.000005999999999701e-02
-4.000009999999999677e-02
-4.000008000000000036e-02
-4.000009999999999677e-02
-4.000008000000000036e-02
-4.000001999999999724e-02
-4.000008000000000036e-02
-4.000012000000000012e-02
-4.000006999999999868e-02
-3.999998999999999916e-02
-4.000010999999999844e-02
-4.000013000000000180e-02
-4.000009999999999677e-02
-4.000002999999999892e-02
-4.000001999999999724e-02
-4.000006999999999868e-02
-4.000013999999999653e-02
-4.000009000000000203e-02
-3.999993999999999772e-02
-4.000006999999999868e-02
-4.000008000000000036e-02
-4.000004000000000060e-02
-4.000005999999999701e-02
-4.000001000000000251e-02
-4.000006999999999868e-02
-4.000005999999999701e-02
-4.000000000000000083e-02
-4.000006999999999868e-02
-4.000004000000000060e-02
-4.000005999999999701e-02
-4.000008000000000036e-02
-4.000005999999999701e-02
-4.000009000000000203e-02
-4.000010999999999844e-02
-4.000013000000000180e-02
-4.000009000000000203e-02
-4.000013000000000180e-02
-4.000008000000000036e-02
-4.000010999999999844e-02
-4.000010999999999844e-02
-4.000005999999999701e-02
-4.000009000000000203e-02
-4.000010999999999844e-02
-4.000009999999999677e-02
-4.000001000000000251e-02
-4.000009999999999677e-02
-4.000008000000000036e-02
-4.000008000000000036e-02
-4.000010999999999844e-02
-4.000013999999999653e-02
-4.000013000000000180e-02
-4.000009000000000203e-02
-4.000009000000000203e-02
-4.000013000000000180e-02
-4.000009999999999677e-02
-4.000013999999999653e-02
-4.000010999999999844e-02
-4.000009000000000203e-02
-4.000013000000000180e-02
-4.000015999999999988e-02
-4.000009000000000203e-02
-4.000005000000000227e-02
-4.000010999999999844e-02
-4.000006999999999868e-02
-4.000013000000000180e-02
-4.000015999999999988e-02
-4.000009999999999677e-02
-4.000019999999999964e-02
-4.000015999999999988e-02
-4.000013000000000180e-02
-4.000006999999999868e-02
-4.000005999999999701e-02
-4.000017000000000156e-02
-4.000017000000000156e-02
-4.000010999999999844e-02
-4.000010999999999844e-02
-4.000015999999999988e-02
-4.000009000000000203e-02
-4.000009999999999677e-02
-4.000006999999999868e-02
-4.000013999999999653e-02
-4.000012000000000012e-02
-4.000012000000000012e-02
-4.000010999999999844e-02
-4.000013999999999653e-02
-4.000009000000000203e-02
-4.000010999999999844e-02
-4.000009000000000203e-02
-4.000010999999999844e-02
-4.000009999999999677e-02
-4.000005999999999701e-02
-4.000009000000000203e-02
-4.000009000000000203e-02
-4.000009000000000203e-02
-4.000006999999999868e-02
-4.000009999999999677e-02
-4.000004000000000060e-02
-3.999998999999999916e-02
-4.000008000000000036e-02
-4.000004000000000060e-02
-4.000009000000000203e-02
-4.000008000000000036e-02
-4.000009000000000203e-02
-4.000013999999999653e-02
-4.000002999999999892e-02
-4.000010999999999844e-02
-4.000010999999999844e-02
-4.000010999999999844e-02
-4.000010999999999844e-02
-4.000001999999999724e-02
-4.000006999999999868e-02
-4.000001000000000251e-02
-4.000010999999999844e-02
-4.000000000000000083e-02
-4.000006999999999868e-02
-4.000008000000000036e-02
-4.000006999999999868e-02
-4.000004000000000060e-02
-4.000006999999999868e-02
-4.000009999999999677e-02
-4.000005000000000227e-02
-4.000006999999999868e-02
-4.000005000000000227e-02
-4.000006999999999868e-02
-4.000000000000000083e-02
-4.000006999999999868e-02
-4.000050000000000133e-02
-4.000039999999999846e-02
-4.000051000000000301e-02
-4.000051000000000301e-02
-4.000047000000000325e-02
-4.000054000000000110e-02
-4.000050000000000133e-02
-4.000051999999999774e-02
-4.000054000000000110e-02
-4.000058000000000086e-02
-4.000048999999999966e-02
-4.000043999999999822e-02
-4.000048999999999966e-02
-4.000055999999999751e-02
-4.000047999999999798e-02
-4.000056999999999918e-02
-4.000054000000000110e-02
-4.000052999999999942e-02
-4.000051000000000301e-02
-4.000048999999999966e-02
-4.000046000000000157e-02
-4.000052999999999942e-02
-4.000047000000000325e-02
-4.000054000000000110e-02
-4.000051999999999774e-02
-4.000051999999999774e-02
-4.000051000000000301e-02
-4.000051000000000301e-02
-4.000051000000000301e-02
-4.000050000000000133e-02
-4.000046000000000157e-02
-4.000054000000000110e-02
-4.000058000000000086e-02
-4.000060999999999894e-02
-4.000059000000000253e-02
-4.000051999999999774e-02
-4.000052999999999942e-02
-4.000055999999999751e-02
-4.000055000000000277e-02
-4.000050000000000133e-02
-4.000052999999999942e-02
-4.000051000000000301e-02
-4.000051999999999774e-02
-4.000051999999999774e-02
-4.000054000000000110e-02
-4.000055000000000277e-02
-4.000048999999999966e-02
-4.000051999999999774e-02
-4.000050000000000133e-02
-4.000046000000000157e-02
-4.000046000000000157e-02
-4.000047999999999798e-02
-4.000047000000000325e-02
-4.000050000000000133e-02
-4.000048999999999966e-02
-4.000048999999999966e-02
-4.000044999999999989e-02
-4.000041000000000013e-02
-4.000051000000000301e-02
-4.000038999999999678e-02
-4.000047000000000325e-02
-4.000046000000000157e-02
-4.000039999999999846e-02
-4.000034999999999702e-02
-4.000042999999999654e-02
-4.000043999999999822e-02
-4.000038999999999678e-02
-4.000038000000000205e-02
-4.000042000000000181e-02
-4.000030999999999726e-02
-4.000034000000000228e-02
-4.000042000000000181e-02
-4.000033000000000061e-02
-4.000034000000000228e-02
-4.000034999999999702e-02
-4.000023999999999941e-02
-4.000033000000000061e-02
-4.000034999999999702e-02
-4.000030000000000252e-02
-4.000033000000000061e-02
-4.000022999999999773e-02
-4.000031999999999893e-02
-4.000030000000000252e-02
-4.000023999999999941e-02
-4.000022999999999773e-02
-4.000022999999999773e-02
-4.000025000000000108e-02
-3.929797000000000151e-02
-3.698707999999999857e-02
-3.467296000000000267e-02
-3.236031999999999798e-02
-3.005011000000000140e-02
-2.773648000000000086e-02
-2.542753999999999848e-02
-2.311496000000000037e-02
-2.080351999999999896e-02
-1.849274999999999877e-02
-1.618102999999999903e-02
-1.386932999999999916e-02
-1.155830000000000052e-02
-9.249538999999999331e-03
-6.936470000000000136e-03
-4.623051000000000417e-03
-2.310496999999999898e-03
3.304527999999999903e-07
2.323060000000000055e-03
4.636127000000000303e-03
6.949511999999999703e-03
9.263054999999999206e-03
1.157003000000000024e-02
1.388125999999999943e-02
1.619280000000000025e-02
1.850380999999999901e-02
2.081368999999999927e-02
2.312461999999999851e-02
2.543607999999999980e-02
2.774810000000000124e-02
3.005736999999999992e-02
3.237024000000000151e-02
3.468331000000000192e-02
3.699364000000000124e-02
3.930721000000000215e-02
4.000191000000000163e-02
4.000186000000000019e-02
4.000195000000000140e-02
4.000192999999999804e-02
4.000183999999999684e-02
4.000193999999999972e-02
4.000195000000000140e-02
4.000193999999999972e-02
4.000196999999999781e-02
4.000193999999999972e-02
4.000197999999999948e-02
4.000192000000000331e-02
4.000196000000000307e-02
4.000200999999999757e-02
4.000204000000000260e-02
4.000200999999999757e-02
4.000200999999999757e-02
4.000192999999999804e-02
4.000191000000000163e-02
4.000204000000000260e-02
4.000209999999999877e-02
4.000203000000000092e-02
4.000201999999999924e-02
4.000199000000000116e-02
4.000205999999999901e-02
4.000207000000000068e-02
4.000208999999999709e-02
4.000208000000000236e-02
4.000211000000000044e-02
4.000207000000000068e-02
4.000201999999999924e-02
4.000212000000000212e-02
4.000205999999999901e-02
4.000212000000000212e-02
4.000208999999999709e-02
4.000216000000000188e-02
4.000213999999999853e-02
4.000212000000000212e-02
4.000216000000000188e-02
4.000218999999999997e-02
4.000213999999999853e-02
4.000221000000000332e-02
4.000200999999999757e-02
4.000208000000000236e-02
4.000205999999999901e-02
4.000213999999999853e-02
4.000213999999999853e-02
4.000221000000000332e-02
4.000216000000000188e-02
4.000216999999999662e-02
4.000220000000000165e-02
4.000216000000000188e-02
4.000221999999999806e-02
4.000221000000000332e-02
4.000216000000000188e-02
4.000220000000000165e-02
4.000211000000000044e-02
4.000217999999999829e-02
4.000216000000000188e-02
4.000215000000000021e-02
4.000216999999999662e-02
4.000216000000000188e-02
4.000213999999999853e-02
4.000215000000000021e-02
4.000217999999999829e-02
4.000212999999999686e-02
4.000224000000000141e-02
4.000212999999999686e-02
4.000213999999999853e-02
4.000216999999999662e-02
4.000217999999999829e-02
4.000216000000000188e-02
4.000218999999999997e-02
4.000221999999999806e-02
4.000212999999999686e-02
4.000201999999999924e-02
4.000212000000000212e-02
4.000212999999999686e-02
4.000209999999999877e-02
4.000215000000000021e-02
4.000213999999999853e-02
4.000212000000000212e-02
4.000203000000000092e-02
4.000211000000000044e-02
4.000213999999999853e-02
4.000208000000000236e-02
4.000204000000000260e-02
4.000203000000000092e-02
4.000168999999999947e-02
4.000167999999999779e-02
4.000162000000000162e-02
4.000163999999999803e-02
4.000155999999999851e-02
4.000163000000000330e-02
4.000171000000000282e-02
4.000168999999999947e-02
4.000167999999999779e-02
4.000167000000000306e-02
4.000167999999999779e-02
4.000155999999999851e-02
4.000163999999999803e-02
4.000164999999999971e-02
4.000164999999999971e-02
4.000166000000000138e-02
4.000170000000000115e-02
4.000159999999999827e-02
4.000167000000000306e-02
4.000163000000000330e-02
4.000166000000000138e-02
4.000166000000000138e-02
4.000168999999999947e-02
4.000167000000000306e-02
4.000168999999999947e-02
4.000168999999999947e-02
4.000172999999999923e-02
4.000157000000000018e-02
4.000160999999999994e-02
4.000171000000000282e-02
4.000163000000000330e-02
4.000163000000000330e-02
4.000163000000000330e-02
4.000171999999999756e-02
4.000168999999999947e-02
4.000171000000000282e-02
4.000164999999999971e-02
4.000163999999999803e-02
4.000171000000000282e-02
4.000166000000000138e-02
4.000168999999999947e-02
4.000170000000000115e-02
4.000167999999999779e-02
4.000171000000000282e-02
4.000170000000000115e-02
4.000168999999999947e-02
4.000164999999999971e-02
4.000164999999999971e-02
4.000174000000000091e-02
4.000174000000000091e-02
4.000174000000000091e-02
4.000179000000000235e-02
4.000171999999999756e-02
4.000175000000000258e-02
4.000172999999999923e-02
4.000174000000000091e-02
4.000171000000000282e-02
4.000179000000000235e-02
4.000179000000000235e-02
4.000174000000000091e-02
4.000171999999999756e-02
4.000175999999999732e-02
4.000175000000000258e-02
4.000170000000000115e-02
4.000175999999999732e-02
4.000182000000000043e-02
4.000171000000000282e-02
4.000175000000000258e-02
4.000182000000000043e-02
4.000175999999999732e-02
4.000168999999999947e-02
4.000168999999999947e-02
4.000178000000000067e-02
4.000179999999999708e-02
4.000174000000000091e-02
4.000171000000000282e-02
4.000180999999999876e-02
4.000175000000000258e-02
4.000171999999999756e-02
4.000175000000000258e-02
4.000167000000000306e-02
4.000178000000000067e-02
4.000171000000000282e-02
4.000175999999999732e-02
4.000171999999999756e-02
4.000175000000000258e-02
4.000174000000000091e-02
4.000175000000000258e-02
4.000172999999999923e-02
4.000174000000000091e-02
4.000170000000000115e-02
4.000178000000000067e-02
4.000175000000000258e-02
4.000164999999999971e-02
4.000170000000000115e-02
4.000171000000000282e-02
4.000170000000000115e-02
4.000167000000000306e-02
4.000175999999999732e-02
4.000174000000000091e-02
4.000174000000000091e-02
4.000179999999999708e-02
4.000178000000000067e-02
4.000172999999999923e-02
4.000178000000000067e-02
4.000175999999999732e-02
4.000174000000000091e-02
4.000178000000000067e-02
4.000178000000000067e-02
4.000176999999999899e-02
4.000171000000000282e-02
4.000175999999999732e-02
4.000178000000000067e-02
4.000178000000000067e-02
4.000170000000000115e-02
4.000179000000000235e-02
4.000175999999999732e-02
4.000178000000000067e-02
4.000175999999999732e-02
4.000179999999999708e-02
4.000183000000000211e-02
4.000176999999999899e-02
4.000178000000000067e-02
4.000167999999999779e-02
4.000175999999999732e-02
4.000174000000000091e-02
4.000180999999999876e-02
4.000183000000000211e-02
4.000182000000000043e-02
4.000180999999999876e-02
4.000175000000000258e-02
4.000175999999999732e-02
4.000179000000000235e-02
4.000178000000000067e-02
4.000180999999999876e-02
4.000172999999999923e-02
4.000172999999999923e-02
4.000180999999999876e-02
4.000176999999999899e-02
4.000179999999999708e-02
4.000176999999999899e-02
4.000179000000000235e-02
4.000182000000000043e-02
4.000175000000000258e-02
4.000183000000000211e-02
