-2.492461999999999990e-05
-2.479077999999999848e-05
-2.473882999999999977e-05
-2.461680000000000121e-05
-2.449320999999999855e-05
-2.444570999999999943e-05
-2.430213000000000105e-05
-2.421006999999999841e-05
-2.414672999999999912e-05
-2.399763000000000083e-05
-2.391645000000000037e-05
-2.384429000000000070e-05
-2.369724000000000014e-05
-2.362408999999999898e-05
-2.354166999999999986e-05
-2.339486999999999985e-05
-2.333071000000000079e-05
-2.323720999999999906e-05
-2.309582999999999873e-05
-2.303687000000000090e-05
-2.293405000000000110e-05
-2.279563999999999847e-05
-2.274216999999999846e-05
-2.261213999999999930e-05
-2.251061000000000164e-05
-2.245119999999999944e-05
-2.230935000000000012e-05
-2.221792000000000089e-05
-2.215133000000000125e-05
-2.200321000000000037e-05
-2.192581000000000006e-05
-2.185037000000000134e-05
-2.170145999999999940e-05
-2.163495999999999928e-05
-2.154709999999999907e-05
-2.139830999999999876e-05
-2.134119000000000090e-05
-2.124359000000000035e-05
-2.109952000000000157e-05
-2.104789999999999884e-05
-2.093680999999999987e-05
-2.080044000000000104e-05
-2.075377999999999969e-05
-2.063104999999999960e-05
-2.050500999999999835e-05
-2.044974000000000116e-05
-2.030294000000000114e-05
-2.024619999999999938e-05
-2.014388000000000067e-05
-2.000315999999999908e-05
-1.995350000000000132e-05
-1.983923000000000012e-05
-1.970610000000000094e-05
-1.965810000000000073e-05
-1.953205999999999947e-05
-1.941013999999999844e-05
-1.936233000000000135e-05
-1.922634999999999931e-05
-1.911711000000000101e-05
-1.906407000000000059e-05
-1.892071000000000066e-05
-1.882350000000000028e-05
-1.876589999999999934e-05
-1.861109999999999872e-05
-1.856445000000000146e-05
-1.843291999999999901e-05
-1.831566999999999942e-05
-1.826696000000000035e-05
-1.811113999999999953e-05
-1.806506000000000149e-05
-1.793695999999999843e-05
-1.781712000000000061e-05
-1.776769999999999931e-05
-1.762969000000000095e-05
-1.752233999999999934e-05
-1.747054000000000095e-05
-1.732627999999999905e-05
-1.723051999999999847e-05
-1.716600999999999864e-05
-1.701325999999999913e-05
-1.695309000000000136e-05
-1.686115000000000034e-05
-1.671403999999999897e-05
-1.665986000000000010e-05
-1.655680000000000045e-05
-1.641426000000000029e-05
-1.636516999999999836e-05
-1.623444999999999836e-05
-1.612735000000000069e-05
-1.607541999999999999e-05
-1.593126000000000169e-05
-1.583313000000000133e-05
-1.577526999999999914e-05
-1.562651000000000093e-05
-1.554190000000000107e-05
-1.547574000000000101e-05
-1.531931000000000156e-05
-1.526566999999999982e-05
-1.515918000000000078e-05
-1.501964000000000042e-05
-1.497043000000000025e-05
-1.485443000000000001e-05
-1.472328000000000043e-05
-1.467667999999999989e-05
-1.454752000000000061e-05
-1.442685999999999963e-05
-1.437917000000000077e-05
-1.424230000000000084e-05
-1.414867000000000018e-05
-1.407874999999999967e-05
-1.392753999999999947e-05
-1.385558999999999925e-05
-1.377439000000000078e-05
-1.362729000000000010e-05
-1.356375000000000037e-05
-1.347178999999999964e-05
-1.333176999999999958e-05
-1.327936999999999988e-05
-1.314827000000000041e-05
-1.303658000000000013e-05
-1.298300999999999989e-05
-1.284484999999999951e-05
-1.274398000000000059e-05
-1.268351999999999948e-05
-1.253070999999999916e-05
-1.246759000000000001e-05
-1.237422000000000059e-05
-1.223211000000000002e-05
-1.218601000000000058e-05
-1.203749999999999952e-05
-1.195697999999999949e-05
-1.188376000000000021e-05
-1.173645000000000009e-05
-1.166473999999999972e-05
-1.158183000000000021e-05
-1.143542000000000037e-05
-1.137147999999999976e-05
-1.127748000000000032e-05
-1.113506000000000008e-05
-1.105612999999999946e-05
-1.094431999999999926e-05
-1.089058999999999969e-05
-1.075078000000000077e-05
-1.064907000000000069e-05
-1.059066999999999969e-05
-1.044853000000000040e-05
-1.037942000000000065e-05
-1.027836000000000030e-05
-1.013953000000000048e-05
-1.007391999999999993e-05
-9.987073000000000798e-06
-9.840790000000000016e-06
-9.777291000000000779e-06
-9.683920000000000280e-06
-9.541196999999999512e-06
-9.482393999999999459e-06
-9.380089999999999498e-06
-9.242012000000000106e-06
-9.188087999999999841e-06
-9.075360000000000130e-06
-8.944177000000000271e-06
-8.896031000000000682e-06
-8.762083999999999913e-06
-8.653869999999999868e-06
-8.597887999999999969e-06
-8.458587000000000064e-06
-8.360100999999999191e-06
-8.299138999999999892e-06
-8.155177999999999256e-06
-8.066298999999999933e-06
-7.999614999999999810e-06
-7.851852999999999920e-06
-7.800473000000000422e-06
-7.663561999999999997e-06
-7.559807000000000006e-06
-7.501901999999999753e-06
-7.360498999999999846e-06
-7.265596999999999649e-06
-7.202795999999999774e-06
-7.056918999999999612e-06
-6.972446999999999754e-06
-6.902525999999999852e-06
-6.760898999999999692e-06
-6.704451000000000059e-06
-6.564371000000000038e-06
-6.466919000000000179e-06
-6.405582000000000058e-06
-6.260963999999999709e-06
-6.173256999999999703e-06
-6.105862999999999887e-06
-5.958071999999999831e-06
-5.880056999999999698e-06
-5.769581999999999710e-06
-5.666700000000000311e-06
-5.608237000000000325e-06
-5.466451999999999615e-06
-5.372542999999999935e-06
-5.275711000000000250e-06
-5.163732999999999642e-06
-5.109660000000000135e-06
-4.971736000000000335e-06
-4.869972000000000034e-06
-4.811085000000000203e-06
-4.668521999999999616e-06
-4.576068000000000078e-06
-4.511834000000000245e-06
-4.365034999999999620e-06
-4.282810999999999982e-06
-4.211030999999999798e-06
-4.062771000000000137e-06
-3.980462999999999874e-06
-3.867757999999999739e-06
-3.814068999999999820e-06
-3.676589999999999810e-06
-3.573404999999999883e-06
-3.515352000000000203e-06
-3.373662000000000209e-06
-3.279201000000000116e-06
-3.216240000000000059e-06
-3.070491999999999858e-06
-2.986029999999999852e-06
-2.915849999999999789e-06
-2.816157000000000115e-06
-2.683618999999999911e-06
-2.572980999999999870e-06
-2.518472000000000186e-06
-2.379913999999999827e-06
-2.278915999999999917e-06
-2.219615000000000093e-06
-2.076966000000000097e-06
-1.984876999999999834e-06
-1.920366000000000190e-06
-1.773522000000000017e-06
-1.691531000000000034e-06
-1.574785999999999977e-06
-1.521554999999999995e-06
-1.384683000000000012e-06
-1.280303999999999948e-06
-1.222884999999999982e-06
-1.081865000000000059e-06
-9.797142999999999043e-07
-8.700890999999999955e-07
-7.720104999999999500e-07
-7.192289000000000486e-07
-5.990193999999999674e-07
-4.754126000000000017e-07
-3.909822000000000108e-07
-2.820150999999999932e-07
-2.254411999999999978e-07
-8.725873000000000066e-08
1.242314999999999964e-08
7.401771000000000165e-08
2.191600000000000116e-07
3.027722999999999827e-07
3.749197999999999874e-07
5.214977999999999649e-07
5.783131000000000171e-07
6.952702999999999812e-07
8.218406000000000118e-07
8.717762000000000212e-07
1.020205999999999944e-06
1.081483000000000103e-06
1.185813000000000085e-06
1.322798000000000011e-06
1.375876000000000005e-06
1.505458999999999955e-06
1.610564999999999970e-06
1.667554999999999952e-06
1.808882000000000090e-06
1.904193999999999958e-06
1.966592000000000144e-06
2.112346000000000087e-06
2.197461999999999934e-06
2.280313999999999967e-06
2.419191999999999842e-06
2.473785999999999967e-06
2.584833999999999891e-06
2.717468000000000203e-06
2.768305000000000171e-06
2.890077000000000078e-06
3.013737999999999825e-06
3.065026999999999987e-06
3.195033000000000179e-06
3.308818000000000056e-06
3.362203000000000054e-06
3.499222999999999887e-06
3.602747000000000067e-06
3.683182999999999901e-06
3.812865999999999859e-06
3.863499000000000124e-06
3.988232999999999632e-06
4.108594999999999581e-06
4.160514999999999586e-06
4.293499999999999635e-06
4.403243999999999985e-06
4.458240999999999588e-06
4.597208000000000014e-06
4.697139000000000328e-06
4.756989999999999664e-06
4.900434000000000217e-06
4.990643000000000254e-06
5.056475999999999968e-06
5.204084999999999659e-06
5.283460000000000063e-06
5.357788999999999670e-06
5.505791999999999648e-06
5.576077999999999673e-06
5.660550000000000378e-06
5.796716999999999747e-06
5.853427000000000260e-06
5.993800000000000110e-06
6.090630000000000163e-06
6.152320000000000076e-06
6.297429000000000214e-06
6.383576000000000357e-06
6.452390999999999799e-06
6.600456000000000218e-06
6.676432000000000184e-06
6.766602999999999595e-06
6.903628999999999594e-06
6.956705000000000168e-06
7.071597999999999713e-06
7.201435000000000110e-06
7.251866999999999698e-06
7.376429000000000387e-06
7.497194999999999630e-06
7.548796000000000358e-06
7.694391000000000782e-06
7.776768000000000621e-06
7.848301999999999519e-06
7.996632999999999235e-06
8.069248000000000233e-06
8.150998999999999308e-06
8.298006999999999985e-06
8.361892000000000137e-06
8.454510000000000814e-06
8.595473000000000433e-06
8.646306999999999683e-06
8.774441000000000716e-06
8.890403000000000335e-06
8.943249999999999458e-06
9.079399999999999840e-06
9.184424000000000345e-06
9.241705999999999706e-06
9.382940000000000665e-06
9.478093000000000802e-06
9.540694000000000239e-06
9.686638999999999737e-06
9.770953999999999284e-06
9.841037000000000694e-06
9.989502000000000296e-06
1.006383000000000051e-05
1.014335000000000005e-05
1.029066999999999917e-05
1.033968000000000059e-05
1.046466000000000053e-05
1.057678999999999941e-05
1.063882999999999924e-05
1.078504999999999934e-05
1.083801999999999995e-05
1.097631999999999997e-05
1.107832000000000001e-05
1.113746000000000026e-05
1.128041999999999931e-05
1.137122999999999921e-05
1.143598999999999958e-05
1.158278999999999960e-05
1.164039999999999955e-05
1.176220999999999966e-05
1.188522999999999971e-05
1.193600999999999958e-05
1.206699000000000083e-05
1.213295999999999945e-05
1.227808000000000053e-05
1.236707999999999917e-05
1.243326999999999963e-05
1.258107000000000015e-05
1.265901999999999997e-05
1.273366999999999933e-05
1.288313999999999978e-05
1.295185000000000035e-05
1.303811999999999944e-05
1.315234999999999953e-05
1.323564000000000022e-05
1.338177999999999980e-05
1.344596000000000026e-05
1.353958999999999923e-05
1.368226000000000002e-05
1.373922999999999924e-05
1.384388000000000000e-05
1.398052000000000078e-05
1.404065000000000083e-05
1.418100000000000026e-05
1.423656999999999980e-05
1.434464999999999995e-05
1.447882999999999974e-05
1.453001999999999950e-05
1.465058999999999926e-05
1.477627999999999975e-05
1.482651000000000011e-05
1.497671999999999982e-05
1.502746999999999929e-05
1.514878000000000000e-05
1.526802999999999890e-05
1.532289000000000128e-05
1.546233999999999874e-05
1.556020000000000054e-05
1.562120999999999947e-05
1.576547999999999868e-05
1.585391999999999880e-05
1.592196999999999894e-05
1.607010000000000052e-05
1.614513999999999836e-05
1.622306999999999848e-05
1.637035000000000158e-05
1.643828000000000010e-05
1.652800999999999899e-05
1.667169000000000097e-05
1.673098000000000155e-05
1.683114999999999893e-05
1.697069999999999999e-05
1.702602000000000068e-05
1.713736000000000019e-05
1.726930000000000083e-05
1.735611999999999943e-05
1.745359999999999837e-05
1.751415999999999970e-05
1.766069999999999847e-05
1.774697999999999995e-05
1.781530999999999935e-05
1.796348000000000034e-05
1.803750000000000137e-05
1.811707999999999833e-05
1.826624000000000081e-05
1.833063999999999972e-05
1.842172000000000156e-05
1.856518999999999902e-05
1.861665000000000073e-05
1.873485999999999972e-05
1.886246000000000168e-05
1.891321000000000115e-05
1.904195000000000155e-05
1.915650999999999932e-05
1.920894999999999843e-05
1.934606000000000159e-05
1.945072000000000137e-05
1.950850999999999866e-05
1.965903999999999872e-05
1.970950000000000162e-05
1.983930999999999894e-05
1.995257000000000063e-05
2.000710000000000026e-05
2.014499000000000040e-05
2.024623000000000148e-05
2.030498999999999886e-05
2.044830999999999938e-05
2.053842000000000113e-05
2.063855999999999980e-05
2.075012000000000116e-05
2.080407000000000087e-05
2.094269000000000125e-05
2.104237000000000162e-05
2.110198000000000087e-05
2.124758000000000164e-05
2.133548999999999857e-05
2.140253999999999990e-05
2.155063999999999938e-05
2.160071999999999942e-05
2.173996999999999982e-05
2.183999000000000026e-05
2.190040000000000126e-05
2.204483999999999882e-05
2.209946999999999866e-05
2.223614000000000154e-05
2.233939000000000093e-05
2.239888999999999926e-05
2.254088000000000161e-05
2.263337000000000045e-05
2.269736000000000117e-05
2.284373000000000160e-05
2.292480000000000114e-05
2.299971000000000006e-05
2.314732999999999984e-05
2.321695999999999870e-05
2.330194000000000072e-05
2.339432999999999934e-05
2.353517999999999986e-05
2.363144999999999886e-05
2.369436999999999927e-05
2.384052999999999856e-05
2.392295999999999838e-05
2.399430000000000166e-05
2.414251999999999937e-05
2.421612999999999883e-05
2.429839000000000030e-05
2.444488999999999966e-05
2.450720000000000144e-05
2.462770999999999870e-05
2.468994000000000166e-05
2.483707000000000105e-05
2.492068999999999941e-05
