-4.000018999999999797e-02
-4.000015999999999988e-02
-4.000008000000000036e-02
-4.000006999999999868e-02
-4.000009000000000203e-02
-4.000002999999999892e-02
-4.000015999999999988e-02
-4.000010999999999844e-02
-4.000017000000000156e-02
-4.000013000000000180e-02
-4.000006999999999868e-02
-4.000006999999999868e-02
-4.000001000000000251e-02
-4.000006999999999868e-02
-4.000009999999999677e-02
-3.988852999999999843e-02
-3.972469000000000000e-02
-3.955986000000000224e-02
-3.939510999999999707e-02
-3.923063000000000244e-02
-3.906562999999999702e-02
-3.889747000000000343e-02
-3.873234999999999872e-02
-3.856741999999999809e-02
-3.840198999999999696e-02
-3.823618000000000156e-02
-3.807017000000000040e-02
-3.790421000000000068e-02
-3.773565999999999726e-02
-3.756926000000000015e-02
-3.740289000000000114e-02
-3.723648000000000235e-02
-3.707010000000000166e-02
-3.690348000000000239e-02
-3.673364999999999964e-02
-3.656667999999999724e-02
-3.640022999999999870e-02
-3.623325000000000157e-02
-3.606581999999999844e-02
-3.589872999999999675e-02
-3.572845000000000187e-02
-3.556136000000000019e-02
-3.539400999999999659e-02
-3.522594999999999893e-02
-3.505835999999999675e-02
-3.489066999999999863e-02
-3.472274999999999667e-02
-3.455195999999999962e-02
-3.438419000000000197e-02
-3.421665000000000123e-02
-3.404868999999999951e-02
-3.388044999999999946e-02
-3.371231000000000227e-02
-3.354109999999999731e-02
-3.337281999999999749e-02
-3.320379999999999859e-02
-3.303472999999999826e-02
-3.286557999999999841e-02
-3.269657000000000119e-02
-3.252470999999999834e-02
-3.235520000000000063e-02
-3.218588000000000005e-02
-3.201698000000000044e-02
-3.184772999999999771e-02
-3.167811000000000238e-02
-3.150864999999999916e-02
-3.133575999999999723e-02
-3.116688999999999918e-02
-3.099734999999999990e-02
-3.082733000000000001e-02
-3.065767999999999965e-02
-3.048769999999999952e-02
-3.031485000000000082e-02
-3.014483999999999914e-02
-2.997506000000000129e-02
-2.980560000000000154e-02
-2.963551000000000032e-02
-2.946500999999999981e-02
-2.929510000000000100e-02
-2.912235000000000171e-02
-2.895247999999999919e-02
-2.878216000000000108e-02
-2.861195000000000058e-02
-2.844181999999999960e-02
-2.827220000000000080e-02
-2.809901999999999886e-02
-2.792847999999999858e-02
-2.775862999999999942e-02
-2.758864000000000108e-02
-2.741847999999999855e-02
-2.724804000000000115e-02
-2.707479999999999956e-02
-2.690489000000000075e-02
-2.673533999999999980e-02
-2.656508999999999954e-02
-2.639502000000000168e-02
-2.622504999999999975e-02
-2.605524000000000034e-02
-2.588220999999999924e-02
-2.571179000000000173e-02
-2.554137000000000074e-02
-2.537164999999999906e-02
-2.520141999999999868e-02
-2.503060000000000007e-02
-2.485735999999999848e-02
-2.468679000000000012e-02
-2.451673999999999867e-02
-2.434646999999999853e-02
-2.417574999999999932e-02
-2.400512000000000132e-02
-2.383230999999999891e-02
-2.366133999999999946e-02
-2.349069000000000157e-02
-2.332002999999999854e-02
-2.314955999999999958e-02
-2.297920999999999991e-02
-2.280837999999999963e-02
-2.263522000000000103e-02
-2.246472999999999873e-02
-2.229447999999999847e-02
-2.212422000000000000e-02
-2.195352999999999888e-02
-2.178298000000000040e-02
-2.161002999999999882e-02
-2.143899999999999972e-02
-2.126847999999999933e-02
-2.109805000000000014e-02
-2.092803999999999845e-02
-2.075741000000000044e-02
-2.058395999999999837e-02
-2.041360999999999870e-02
-2.024290999999999938e-02
-2.007338999999999998e-02
-1.990286000000000138e-02
-1.973248000000000016e-02
-1.956236000000000086e-02
-1.938940000000000108e-02
-1.921896000000000021e-02
-1.904812000000000172e-02
-1.887778000000000025e-02
-1.870774000000000048e-02
-1.853745000000000046e-02
-1.836368000000000028e-02
-1.819348000000000146e-02
-1.802310999999999844e-02
-1.785339000000000023e-02
-1.768546000000000007e-02
-1.751468999999999943e-02
-1.734424000000000035e-02
-1.717354000000000103e-02
-1.700283000000000003e-02
-1.683238999999999916e-02
-1.666159999999999863e-02
-1.649116999999999944e-02
-1.632058000000000120e-02
-1.614983999999999864e-02
-1.597952999999999874e-02
-1.580882999999999941e-02
-1.563838000000000034e-02
-1.546766999999999934e-02
-1.529735999999999943e-02
-1.512646999999999950e-02
-1.495586999999999958e-02
-1.478542000000000051e-02
-1.461476999999999915e-02
-1.444450000000000074e-02
-1.427386999999999927e-02
-1.410321999999999965e-02
-1.393288999999999986e-02
-1.376246000000000066e-02
-1.359222000000000034e-02
-1.342165000000000025e-02
-1.325121999999999932e-02
-1.308099000000000067e-02
-1.291053999999999986e-02
-1.274051999999999997e-02
-1.257023999999999989e-02
-1.239974999999999931e-02
-1.222981000000000068e-02
-1.205947999999999916e-02
-1.188932000000000010e-02
-1.171905999999999989e-02
-1.154863000000000070e-02
-1.137861000000000081e-02
-1.120833000000000072e-02
-1.103837000000000047e-02
-1.086796999999999937e-02
-1.069774000000000072e-02
-1.052783000000000017e-02
-1.035758999999999985e-02
-1.018766999999999937e-02
-1.001753000000000018e-02
-9.846026000000000777e-03
-9.675927000000000833e-03
-9.505750000000000310e-03
-9.336001999999999496e-03
-9.165915000000000173e-03
-8.996126999999999596e-03
-8.826120999999999273e-03
-8.656044999999999365e-03
-8.486251999999999684e-03
-8.316343999999999820e-03
-8.146517000000000688e-03
-7.976557999999999912e-03
-7.806600999999999818e-03
-7.636826000000000204e-03
-7.466813999999999570e-03
-7.297058000000000363e-03
-7.127109000000000395e-03
-6.957134000000000235e-03
-6.787414000000000294e-03
-6.617510000000000059e-03
-6.447819999999999940e-03
-6.277791999999999921e-03
-6.107951000000000352e-03
-5.938271999999999648e-03
-5.768297999999999828e-03
-5.598798999999999790e-03
-5.428869000000000229e-03
-5.259202000000000148e-03
-5.089347999999999615e-03
-4.919493999999999950e-03
-4.749933999999999927e-03
-4.580009999999999810e-03
-4.410512999999999587e-03
-4.240662000000000077e-03
-4.070782999999999693e-03
-3.901270999999999992e-03
-3.731417999999999801e-03
-3.561808999999999982e-03
-3.392107000000000108e-03
-3.222266000000000106e-03
-3.052796999999999889e-03
-2.882930000000000128e-03
-2.713439000000000215e-03
-2.543679000000000079e-03
-2.373872999999999869e-03
-2.204466999999999885e-03
-2.034707000000000182e-03
-1.865209999999999958e-03
-1.695677000000000035e-03
-1.526009000000000046e-03
-1.356407999999999919e-03
-1.186886000000000061e-03
-1.017291000000000029e-03
-8.478520999999999931e-04
-6.782462000000000386e-04
-5.085438999999999541e-04
-3.389693999999999737e-04
-1.692908000000000021e-04
1.648794999999999909e-07
1.703406999999999936e-04
3.398359999999999901e-04
5.094608999999999726e-04
6.789607999999999928e-04
8.484802999999999746e-04
1.018077000000000044e-03
1.186933000000000042e-03
1.356444000000000052e-03
1.525840000000000096e-03
1.695193999999999911e-03
1.864725999999999927e-03
2.034186999999999801e-03
2.203426999999999990e-03
2.372940000000000032e-03
2.542358000000000205e-03
2.711649000000000004e-03
2.881129000000000068e-03
3.050532999999999804e-03
3.219791000000000059e-03
3.389216000000000017e-03
3.558615000000000216e-03
3.727862000000000189e-03
3.897284999999999899e-03
4.066731999999999986e-03
4.235901999999999723e-03
4.405280999999999607e-03
4.574774999999999675e-03
4.744136000000000360e-03
4.913246999999999927e-03
5.082747000000000306e-03
5.252101000000000339e-03
5.421210000000000091e-03
5.590699000000000189e-03
5.759987000000000266e-03
5.929104000000000145e-03
6.098578999999999806e-03
6.267853999999999787e-03
6.437059999999999657e-03
6.606436000000000253e-03
6.775757999999999781e-03
6.944935999999999644e-03
7.114282999999999892e-03
7.283674999999999872e-03
7.452781999999999810e-03
7.622157000000000064e-03
7.791550999999999859e-03
7.960684000000000857e-03
8.129979000000000719e-03
8.299450999999999357e-03
8.468810000000000227e-03
8.637845999999999372e-03
8.807363999999999818e-03
8.976714000000000221e-03
9.145794000000000493e-03
9.315278999999999227e-03
9.484638999999999570e-03
9.653748999999999664e-03
9.823244000000000073e-03
9.992631000000000083e-03
1.016173000000000076e-02
1.033123000000000027e-02
1.049922000000000008e-02
1.066817999999999933e-02
1.083756999999999950e-02
1.100703999999999919e-02
1.117609999999999958e-02
1.134558999999999915e-02
1.151507000000000051e-02
1.168408999999999941e-02
1.185359000000000065e-02
1.202296999999999914e-02
1.219250000000000021e-02
1.236166000000000001e-02
1.253106000000000012e-02
1.270054999999999969e-02
1.286968999999999960e-02
1.303904999999999995e-02
1.320856999999999934e-02
1.337764999999999961e-02
1.354733999999999973e-02
1.371686000000000086e-02
1.388602000000000065e-02
1.405558999999999975e-02
1.422513000000000076e-02
1.439439999999999990e-02
1.456403000000000038e-02
1.473362999999999930e-02
1.490296999999999976e-02
1.507253000000000065e-02
1.524217999999999927e-02
1.541166000000000064e-02
1.558120999999999985e-02
1.575096000000000135e-02
1.592067999999999955e-02
1.608998000000000025e-02
1.625978999999999966e-02
1.642961999999999895e-02
1.659907000000000049e-02
1.676887999999999990e-02
1.693860999999999978e-02
1.710802000000000156e-02
1.727783999999999917e-02
1.744766000000000025e-02
1.761713000000000168e-02
1.778702999999999881e-02
1.796497999999999845e-02
1.813421999999999951e-02
1.830379999999999854e-02
1.847294000000000019e-02
1.864243000000000150e-02
1.881446000000000160e-02
1.898361000000000146e-02
1.915332000000000146e-02
1.932263000000000036e-02
1.949176999999999854e-02
1.966110999999999900e-02
1.983381999999999853e-02
2.000356999999999830e-02
2.017263999999999863e-02
2.034220999999999946e-02
2.051207999999999851e-02
2.068176999999999863e-02
2.085363000000000147e-02
2.102354000000000028e-02
2.119309999999999944e-02
2.136288000000000076e-02
2.153274000000000160e-02
2.170185000000000169e-02
2.187443000000000026e-02
2.204460000000000100e-02
2.221423000000000147e-02
2.238365000000000146e-02
2.255319000000000074e-02
2.272327000000000027e-02
2.289615999999999874e-02
2.306543000000000135e-02
2.323568999999999982e-02
2.340543999999999958e-02
2.357586999999999877e-02
2.374595999999999998e-02
2.391833000000000153e-02
2.408847999999999892e-02
2.425878000000000062e-02
2.442909999999999873e-02
2.459909000000000054e-02
2.476926999999999948e-02
2.494245999999999963e-02
2.511292000000000038e-02
2.528276000000000134e-02
2.545323000000000030e-02
2.562369000000000105e-02
2.579427000000000109e-02
2.596762999999999849e-02
2.613806000000000115e-02
2.630827000000000165e-02
2.647926000000000099e-02
2.665007000000000140e-02
2.682044000000000095e-02
2.699408999999999836e-02
2.716466000000000020e-02
2.733553999999999845e-02
2.750589000000000159e-02
2.767655999999999936e-02
2.784738000000000144e-02
2.802148999999999959e-02
2.819202000000000166e-02
2.836247999999999894e-02
2.853340000000000043e-02
2.870473000000000122e-02
2.887605999999999853e-02
2.904939000000000132e-02
2.922053999999999971e-02
2.939185999999999882e-02
2.956299999999999900e-02
2.973374999999999976e-02
2.990467000000000125e-02
3.007898999999999989e-02
3.025076999999999974e-02
3.042214000000000029e-02
3.059332000000000024e-02
3.076473999999999875e-02
3.093635999999999955e-02
3.111086999999999880e-02
3.128202000000000066e-02
3.145347999999999894e-02
3.162538000000000155e-02
3.179726000000000080e-02
3.196870999999999741e-02
3.214304999999999940e-02
3.231515000000000082e-02
3.248739999999999961e-02
3.265897000000000244e-02
3.283047000000000049e-02
3.300220000000000237e-02
3.317683999999999911e-02
3.334870000000000195e-02
3.352034000000000263e-02
3.369246000000000046e-02
3.386439000000000116e-02
3.403634999999999994e-02
3.421098999999999668e-02
3.438300999999999857e-02
3.455529999999999713e-02
3.472776000000000335e-02
3.489980000000000165e-02
3.507153999999999827e-02
3.524673999999999863e-02
3.541922000000000126e-02
3.559157000000000293e-02
3.576379999999999837e-02
3.593595000000000123e-02
3.610802999999999929e-02
3.628321000000000324e-02
3.645501000000000297e-02
3.662719999999999865e-02
3.679980000000000057e-02
3.697224000000000343e-02
3.714495000000000297e-02
3.731976000000000043e-02
3.749228999999999756e-02
3.766564000000000023e-02
3.783831000000000000e-02
3.801078000000000096e-02
3.818347999999999881e-02
3.835950999999999944e-02
3.853241000000000305e-02
3.870491000000000209e-02
3.887782000000000043e-02
3.905079999999999663e-02
3.922438999999999787e-02
3.940057999999999755e-02
3.957320000000000282e-02
3.974608000000000307e-02
3.991938999999999904e-02
4.000212000000000212e-02
4.000209999999999877e-02
4.000208000000000236e-02
4.000208000000000236e-02
4.000203000000000092e-02
4.000215000000000021e-02
4.000209999999999877e-02
4.000205999999999901e-02
4.000207000000000068e-02
4.000207000000000068e-02
4.000208999999999709e-02
4.000203000000000092e-02
4.000216000000000188e-02
4.000209999999999877e-02
4.000204000000000260e-02
4.000207000000000068e-02
