-5.086668999999999799e-05
-5.068617000000000061e-05
-5.042368000000000170e-05
-5.025676000000000026e-05
-5.006989999999999981e-05
-4.981170999999999678e-05
-4.966323999999999853e-05
-4.944352999999999720e-05
-4.920424000000000173e-05
-4.905421999999999669e-05
-4.882553999999999806e-05
-4.859481999999999902e-05
-4.844735999999999688e-05
-4.821078000000000125e-05
-4.798888000000000258e-05
-4.783719000000000269e-05
-4.759385000000000173e-05
-4.738082000000000014e-05
-4.722910999999999884e-05
-4.698110999999999715e-05
-4.677709000000000245e-05
-4.661748999999999808e-05
-4.636492000000000196e-05
-4.619144000000000239e-05
-4.599911999999999946e-05
-4.574303000000000104e-05
-4.558675999999999923e-05
-4.538483000000000166e-05
-4.513037000000000206e-05
-4.497877000000000168e-05
-4.476783999999999793e-05
-4.452245000000000264e-05
-4.437802000000000240e-05
-4.414735000000000008e-05
-4.391271999999999857e-05
-4.376816999999999671e-05
-4.352903999999999888e-05
-4.330793000000000126e-05
-4.316118000000000135e-05
-4.291450999999999784e-05
-4.269938999999999912e-05
-4.255023000000000003e-05
-4.229850000000000168e-05
-4.209576000000000165e-05
-4.194115000000000077e-05
-4.168591000000000082e-05
-4.149199000000000116e-05
-4.132870999999999686e-05
-4.106933999999999937e-05
-4.088537999999999851e-05
-4.071928000000000022e-05
-4.045746000000000075e-05
-4.028194000000000078e-05
-4.006111000000000242e-05
-3.985476000000000058e-05
-3.970159999999999949e-05
-3.944923999999999772e-05
-3.925015000000000231e-05
-3.909312000000000155e-05
-3.883411000000000214e-05
-3.864232000000000241e-05
-3.848045000000000187e-05
-3.822163000000000220e-05
-3.803946999999999851e-05
-3.787028000000000090e-05
-3.760925000000000249e-05
-3.746279000000000254e-05
-3.720765999999999673e-05
-3.701621000000000045e-05
-3.685402999999999856e-05
-3.659387000000000002e-05
-3.641288999999999756e-05
-3.624074000000000295e-05
-3.597797999999999871e-05
-3.580613999999999867e-05
-3.562952999999999699e-05
-3.536570999999999991e-05
-3.521939000000000298e-05
-3.499608000000000054e-05
-3.475442000000000190e-05
-3.461095000000000106e-05
-3.437782999999999676e-05
-3.414796000000000297e-05
-3.400345999999999783e-05
-3.376389000000000311e-05
-3.355865999999999830e-05
-3.339338000000000316e-05
-3.313126999999999696e-05
-3.295595999999999812e-05
-3.278255999999999737e-05
-3.251988999999999943e-05
-3.234904000000000089e-05
-3.216635000000000078e-05
-3.190639000000000268e-05
-3.176069000000000169e-05
-3.153392000000000114e-05
-3.129863000000000089e-05
-3.115512999999999795e-05
-3.091563000000000134e-05
-3.068937000000000260e-05
-3.054381999999999855e-05
-3.030125000000000063e-05
-3.008510000000000101e-05
-2.993705999999999895e-05
-2.968379999999999860e-05
-2.947693999999999835e-05
-2.932537000000000007e-05
-2.907179999999999836e-05
-2.887258000000000063e-05
-2.871628000000000011e-05
-2.845641000000000153e-05
-2.826518000000000032e-05
-2.810369999999999996e-05
-2.784355999999999943e-05
-2.766115999999999928e-05
-2.749394000000000057e-05
-2.723140000000000155e-05
-2.705451000000000061e-05
-2.681770999999999976e-05
-2.667079000000000151e-05
-2.645028999999999913e-05
-2.621039999999999896e-05
-2.606577000000000167e-05
-2.583265000000000076e-05
-2.560028999999999880e-05
-2.545609999999999841e-05
-2.521756999999999851e-05
-2.499560999999999903e-05
-2.484909000000000166e-05
-2.460043999999999854e-05
-2.439478000000000092e-05
-2.423806000000000151e-05
-2.398177999999999996e-05
-2.379043000000000051e-05
-2.362927999999999952e-05
-2.336890999999999985e-05
-2.318353999999999860e-05
-2.301637000000000000e-05
-2.275306999999999864e-05
-2.258019000000000039e-05
-2.240522000000000162e-05
-2.215918999999999883e-05
-2.199922999999999977e-05
-2.174216000000000055e-05
-2.155070000000000019e-05
-2.139064000000000091e-05
-2.112817000000000002e-05
-2.097723999999999908e-05
-2.076411000000000066e-05
-2.051773000000000049e-05
-2.037052999999999959e-05
-2.011550000000000078e-05
-1.994062000000000154e-05
-1.976591000000000063e-05
-1.950316000000000048e-05
-1.933545999999999868e-05
-1.915166999999999954e-05
-1.889103000000000131e-05
-1.873004999999999866e-05
-1.853739999999999975e-05
-1.828019000000000090e-05
-1.814003999999999853e-05
-1.787769999999999995e-05
-1.770181000000000120e-05
-1.752784000000000124e-05
-1.726548999999999857e-05
-1.712391000000000119e-05
-1.686691000000000010e-05
-1.667489000000000121e-05
-1.651307000000000079e-05
-1.625310999999999930e-05
-1.606935999999999957e-05
-1.590186000000000160e-05
-1.563943000000000012e-05
-1.546462999999999969e-05
-1.528938000000000166e-05
-1.502710000000000051e-05
-1.485902999999999993e-05
-1.467572000000000050e-05
-1.447877000000000063e-05
-1.422082999999999984e-05
-1.403156999999999922e-05
-1.386834000000000011e-05
-1.360633999999999990e-05
-1.342635000000000063e-05
-1.325671999999999934e-05
-1.299300000000000079e-05
-1.282101000000000043e-05
-1.264319999999999950e-05
-1.238151000000000065e-05
-1.221577999999999945e-05
-1.203151000000000062e-05
-1.180162999999999936e-05
-1.156825999999999959e-05
-1.142310000000000080e-05
-1.118662999999999931e-05
-1.096063000000000012e-05
-1.081374000000000059e-05
-1.057179999999999931e-05
-1.035327999999999992e-05
-1.020458999999999982e-05
-9.989535999999999964e-06
-9.778502000000000114e-06
-9.582573999999999235e-06
-9.327246000000000245e-06
-9.171659999999999530e-06
-8.967937999999999924e-06
-8.753979000000000437e-06
-8.572094000000000737e-06
-8.310049000000000775e-06
-8.149819999999999162e-06
-7.960838000000000706e-06
-7.696892999999999967e-06
-7.542581000000000113e-06
-7.345518999999999695e-06
-7.085692999999999788e-06
-6.935594999999999789e-06
-6.730816999999999833e-06
-6.474832000000000284e-06
-6.328762999999999904e-06
-6.099446999999999812e-06
-5.934495000000000175e-06
-5.666169000000000265e-06
-5.494474000000000208e-06
-5.321913999999999780e-06
-5.053755000000000032e-06
-4.889571000000000420e-06
-4.707454000000000246e-06
-4.441488999999999650e-06
-4.284313000000000361e-06
-4.093488999999999764e-06
-3.830014999999999955e-06
-3.640233999999999984e-06
-3.446315000000000139e-06
-3.291195000000000004e-06
-3.026192000000000129e-06
-2.840576999999999959e-06
-2.680131000000000191e-06
-2.412245999999999960e-06
-2.235253000000000196e-06
-2.043863999999999885e-06
-1.795252999999999962e-06
-1.654697999999999959e-06
-1.428630999999999976e-06
-1.255216000000000088e-06
-9.742663000000000795e-07
-7.803205000000000025e-07
-6.207547000000000521e-07
-4.300842999999999782e-07
-2.333500000000000083e-07
3.259461999999999968e-08
1.937205999999999963e-07
3.846307000000000217e-07
6.462082000000000491e-07
7.806398999999999888e-07
9.747920999999998975e-07
1.197737999999999975e-06
1.415999000000000052e-06
1.664293999999999934e-06
1.804606000000000006e-06
2.031690000000000109e-06
2.259245000000000085e-06
2.406827000000000089e-06
2.664771999999999954e-06
2.865610999999999811e-06
3.016853000000000048e-06
3.278410999999999908e-06
3.434856999999999799e-06
3.698926000000000150e-06
3.851238000000000277e-06
4.048981000000000223e-06
4.309576999999999786e-06
4.458615000000000171e-06
4.663458999999999831e-06
4.920021000000000272e-06
5.066217999999999950e-06
5.277541999999999759e-06
5.530513999999999782e-06
5.673799000000000393e-06
5.892332999999999748e-06
6.140386999999999965e-06
6.280977000000000088e-06
6.507439999999999990e-06
6.749525999999999792e-06
6.888472000000000274e-06
7.122290999999999941e-06
7.358016000000000128e-06
7.495790999999999838e-06
7.741553000000000315e-06
7.962634999999999700e-06
8.104563000000000758e-06
8.356232999999999993e-06
8.569528999999999179e-06
8.714306999999999709e-06
8.969820999999999174e-06
9.176010999999999990e-06
9.324388000000000552e-06
9.583141000000000275e-06
9.734937999999999526e-06
9.975644999999999592e-06
1.020356999999999962e-05
1.033939999999999964e-05
1.060720999999999970e-05
1.078526000000000048e-05
1.095116000000000003e-05
1.122026000000000055e-05
1.139055000000000057e-05
1.156394999999999963e-05
1.180179999999999939e-05
1.196862000000000061e-05
1.223751000000000000e-05
1.240735000000000073e-05
1.258137000000000080e-05
1.284898999999999944e-05
1.301297000000000020e-05
1.319450999999999948e-05
1.346098999999999968e-05
1.359724999999999928e-05
1.386602000000000044e-05
1.403178999999999936e-05
1.421859000000000069e-05
1.447967999999999991e-05
1.462959000000000065e-05
1.483286000000000049e-05
1.509001999999999922e-05
1.523705000000000008e-05
1.544698000000000165e-05
1.570048999999999916e-05
1.584403000000000151e-05
1.608106999999999882e-05
1.630069000000000063e-05
1.644293000000000013e-05
1.669538000000000142e-05
1.690713000000000155e-05
1.705265000000000012e-05
1.730902000000000119e-05
1.751331999999999854e-05
1.766262000000000065e-05
1.792223999999999868e-05
1.811951999999999961e-05
1.827254000000000107e-05
1.853581000000000033e-05
1.872539999999999863e-05
1.888317000000000034e-05
1.914994000000000049e-05
1.933059000000000020e-05
1.949441000000000162e-05
1.976329000000000031e-05
1.993631999999999888e-05
2.010671999999999983e-05
2.037554999999999840e-05
2.054167000000000148e-05
2.071979000000000038e-05
2.098717999999999987e-05
2.114723999999999914e-05
2.133340000000000144e-05
2.161184000000000144e-05
2.175146000000000062e-05
2.197744000000000010e-05
2.221915999999999955e-05
2.235200999999999947e-05
2.262226999999999982e-05
2.280009000000000145e-05
2.296545999999999950e-05
2.323390999999999860e-05
2.340379000000000043e-05
2.357568000000000058e-05
2.384736999999999933e-05
2.401107999999999983e-05
2.419117000000000102e-05
2.443412999999999911e-05
2.458978000000000159e-05
2.485558000000000166e-05
2.504113999999999925e-05
2.520249000000000068e-05
2.547061000000000041e-05
2.564500999999999996e-05
2.581353999999999883e-05
2.608147999999999952e-05
2.625194999999999859e-05
2.648003999999999999e-05
2.667533000000000062e-05
2.682796999999999922e-05
2.709137000000000079e-05
2.727876000000000104e-05
2.748983000000000104e-05
2.770162000000000058e-05
2.784619000000000045e-05
2.810208999999999914e-05
2.830616000000000073e-05
2.845510000000000137e-05
2.871796999999999975e-05
2.891363999999999987e-05
2.906642000000000148e-05
2.933083999999999987e-05
2.951768999999999961e-05
2.967564000000000036e-05
2.994649999999999865e-05
3.012496000000000100e-05
3.035368999999999974e-05
3.049304000000000036e-05
3.073858000000000276e-05
3.095895999999999674e-05
3.110354000000000070e-05
3.135648000000000238e-05
3.156392999999999986e-05
3.171478000000000198e-05
3.196804999999999965e-05
3.216784000000000337e-05
3.232687000000000174e-05
3.253658000000000147e-05
3.276363000000000127e-05
3.299788999999999723e-05
3.314247000000000118e-05
3.337707000000000060e-05
3.360756999999999780e-05
3.375346999999999923e-05
3.399416999999999847e-05
3.421205000000000052e-05
3.436025000000000022e-05
3.460820999999999911e-05
3.482044999999999964e-05
3.503605999999999875e-05
3.518590999999999868e-05
3.540148000000000177e-05
3.564428999999999954e-05
3.579021000000000237e-05
3.601823000000000226e-05
3.619307000000000210e-05
3.644222000000000292e-05
3.664793000000000065e-05
3.680075999999999898e-05
3.705440000000000220e-05
3.725558000000000152e-05
3.741262999999999691e-05
3.766998000000000216e-05
3.785898999999999715e-05
3.802153999999999782e-05
3.828307999999999803e-05
3.846509999999999871e-05
3.863451999999999886e-05
3.889885999999999843e-05
3.906818999999999906e-05
3.924734000000000225e-05
3.947423999999999833e-05
3.971635000000000134e-05
3.985626999999999779e-05
4.009209000000000123e-05
4.032234000000000127e-05
4.046282000000000302e-05
4.070744999999999935e-05
4.092866999999999789e-05
4.107450000000000120e-05
4.132524999999999876e-05
4.153038999999999727e-05
4.168304000000000334e-05
4.193789000000000311e-05
4.213920999999999867e-05
4.229185999999999796e-05
4.255578000000000203e-05
4.274262000000000108e-05
4.290089000000000050e-05
4.316893000000000141e-05
4.334842000000000128e-05
4.355345999999999957e-05
4.371680000000000130e-05
4.398611999999999688e-05
4.415496999999999781e-05
4.432988000000000255e-05
4.460001000000000059e-05
4.476011999999999997e-05
4.498919999999999948e-05
4.513939999999999679e-05
4.540093999999999700e-05
4.559218999999999962e-05
4.575126000000000079e-05
4.601778999999999771e-05
4.619775000000000335e-05
4.636097999999999738e-05
4.663035999999999717e-05
4.679948999999999736e-05
4.697743999999999791e-05
4.724515000000000284e-05
4.740382000000000314e-05
4.759087000000000332e-05
4.785579999999999674e-05
4.800698000000000161e-05
4.820878999999999757e-05
4.846858999999999803e-05
4.861499000000000056e-05
4.882366000000000207e-05
4.907688999999999693e-05
4.921840000000000297e-05
4.944338000000000026e-05
4.968839999999999677e-05
4.982517999999999718e-05
5.005954000000000014e-05
5.029354999999999893e-05
5.043189000000000005e-05
5.067881000000000073e-05
5.090029999999999783e-05
