-3.999989000000000322e-02
-4.000004000000000060e-02
-4.000001999999999724e-02
-3.999998999999999916e-02
-4.000009000000000203e-02
-3.999992000000000131e-02
-4.000005000000000227e-02
-4.000006999999999868e-02
-3.999998999999999916e-02
-4.000009000000000203e-02
-3.999998999999999916e-02
-4.000002999999999892e-02
-3.999992000000000131e-02
-4.000002999999999892e-02
-4.000002999999999892e-02
-4.000004000000000060e-02
-4.000001000000000251e-02
-4.000002999999999892e-02
-4.000005000000000227e-02
-3.999997999999999748e-02
-3.999992000000000131e-02
-4.000001000000000251e-02
-3.999997999999999748e-02
-4.000001000000000251e-02
-3.999997000000000275e-02
-3.999997999999999748e-02
-3.999996000000000107e-02
-3.999998999999999916e-02
-3.999997000000000275e-02
-3.999993999999999772e-02
-3.999997000000000275e-02
-3.999997999999999748e-02
-4.000001999999999724e-02
-3.999993000000000298e-02
-4.000001000000000251e-02
-3.999997000000000275e-02
-3.999997999999999748e-02
-4.000006999999999868e-02
-3.999993000000000298e-02
-3.999997999999999748e-02
-3.999997000000000275e-02
-4.000005000000000227e-02
-4.000002999999999892e-02
-3.999997000000000275e-02
-4.000008000000000036e-02
-4.000000000000000083e-02
-3.999994999999999939e-02
-4.000005000000000227e-02
-3.999997000000000275e-02
-4.000000000000000083e-02
-3.999993999999999772e-02
-4.000001000000000251e-02
-3.999993999999999772e-02
-4.000000000000000083e-02
-4.000001000000000251e-02
-4.000001000000000251e-02
-4.000002999999999892e-02
-4.000001000000000251e-02
-4.000001000000000251e-02
-4.000002999999999892e-02
-4.000001000000000251e-02
-4.000005000000000227e-02
-4.000004000000000060e-02
-4.000002999999999892e-02
-4.000002999999999892e-02
-4.000006999999999868e-02
-4.000001999999999724e-02
-3.999997000000000275e-02
-4.000002999999999892e-02
-4.000004000000000060e-02
-4.000005999999999701e-02
-3.999997999999999748e-02
-4.000009999999999677e-02
-4.000004000000000060e-02
-4.000006999999999868e-02
-4.000004000000000060e-02
-4.000000000000000083e-02
-4.000013000000000180e-02
-3.999993000000000298e-02
-4.000005999999999701e-02
-4.000005000000000227e-02
-3.999997999999999748e-02
-4.000002999999999892e-02
-4.000004000000000060e-02
-4.000002999999999892e-02
-4.000005000000000227e-02
-3.999998999999999916e-02
-4.000002999999999892e-02
-4.000004000000000060e-02
-4.000013999999999653e-02
-3.999996000000000107e-02
-3.999998999999999916e-02
-4.000005999999999701e-02
-4.000005999999999701e-02
-4.000001000000000251e-02
-4.000000000000000083e-02
-4.000005999999999701e-02
-4.000005000000000227e-02
-4.000000000000000083e-02
-4.000005000000000227e-02
-3.999998999999999916e-02
-3.999993999999999772e-02
-4.000005000000000227e-02
-4.000000000000000083e-02
-3.999997999999999748e-02
-3.999997999999999748e-02
-4.000006999999999868e-02
-4.000001999999999724e-02
-4.000002999999999892e-02
-3.999996000000000107e-02
-3.999996000000000107e-02
-3.999997000000000275e-02
-4.000000000000000083e-02
-4.000000000000000083e-02
-3.999992000000000131e-02
-4.000001000000000251e-02
-3.999993000000000298e-02
-3.999990999999999963e-02
-3.999997000000000275e-02
-3.999997999999999748e-02
-4.000004000000000060e-02
-4.000006999999999868e-02
-4.000005999999999701e-02
-4.000005999999999701e-02
-3.999993999999999772e-02
-4.000002999999999892e-02
-4.000005000000000227e-02
-4.000000000000000083e-02
-4.000001000000000251e-02
-3.999996000000000107e-02
-3.999994999999999939e-02
-3.999996000000000107e-02
-3.999997000000000275e-02
-3.999990999999999963e-02
-3.999993999999999772e-02
-3.999997999999999748e-02
-3.999997000000000275e-02
-3.999993000000000298e-02
-3.999989999999999796e-02
-3.999993999999999772e-02
-3.999997999999999748e-02
-3.999994999999999939e-02
-3.999993999999999772e-02
-3.999998999999999916e-02
-3.999992000000000131e-02
-3.999996000000000107e-02
-4.000034999999999702e-02
-4.000037000000000037e-02
-4.000042000000000181e-02
-4.000047000000000325e-02
-4.000038999999999678e-02
-4.000041000000000013e-02
-4.000041000000000013e-02
-4.000043999999999822e-02
-4.000042999999999654e-02
-4.000044999999999989e-02
-4.000039999999999846e-02
-4.000037000000000037e-02
-4.000046000000000157e-02
-4.000042999999999654e-02
-4.000039999999999846e-02
-4.000046000000000157e-02
-4.000042999999999654e-02
-4.000043999999999822e-02
-4.000041000000000013e-02
-4.000042999999999654e-02
-4.000039999999999846e-02
-4.000037000000000037e-02
-4.000042000000000181e-02
-4.000048999999999966e-02
-4.000042000000000181e-02
-4.000038999999999678e-02
-4.000041000000000013e-02
-4.000041000000000013e-02
-4.000043999999999822e-02
-4.000038000000000205e-02
-4.000031999999999893e-02
-4.000041000000000013e-02
-4.000043999999999822e-02
-4.000043999999999822e-02
-4.000037000000000037e-02
-4.000033000000000061e-02
-4.000038999999999678e-02
-4.000042000000000181e-02
-4.000038999999999678e-02
-4.000035999999999869e-02
-4.000035999999999869e-02
-4.000033000000000061e-02
-4.000030000000000252e-02
-4.000039999999999846e-02
-4.000038999999999678e-02
-4.000042999999999654e-02
-4.000038999999999678e-02
-4.000047000000000325e-02
-4.000041000000000013e-02
-4.000035999999999869e-02
-4.000043999999999822e-02
-4.000041000000000013e-02
-4.000042999999999654e-02
-4.000038000000000205e-02
-4.000038000000000205e-02
-4.000033000000000061e-02
-4.000031999999999893e-02
-4.000038999999999678e-02
-4.000035999999999869e-02
-4.000026999999999749e-02
-4.000026999999999749e-02
-4.000031999999999893e-02
-4.000033000000000061e-02
-4.000029000000000085e-02
-4.000033000000000061e-02
-4.000026999999999749e-02
-4.000035999999999869e-02
-4.000033000000000061e-02
-4.000031999999999893e-02
-4.000027999999999917e-02
-4.000029000000000085e-02
-4.000035999999999869e-02
-4.000034000000000228e-02
-4.000030000000000252e-02
-4.000026999999999749e-02
-4.000023999999999941e-02
-4.000023999999999941e-02
-4.000018999999999797e-02
-4.000022999999999773e-02
-4.000017000000000156e-02
-4.000021000000000132e-02
-4.000021000000000132e-02
-4.000019999999999964e-02
-4.000019999999999964e-02
-4.000015999999999988e-02
-3.853995999999999811e-02
-3.651482999999999812e-02
-3.448688999999999921e-02
-3.246175999999999923e-02
-3.043339999999999934e-02
-2.840441999999999967e-02
-2.638058999999999890e-02
-2.435189000000000104e-02
-2.232512000000000038e-02
-2.029707999999999860e-02
-1.826782000000000059e-02
-1.623814000000000160e-02
-1.420925999999999960e-02
-1.217912999999999982e-02
-1.015012000000000032e-02
-8.121852000000000585e-03
-6.091041999999999637e-03
-4.060076999999999610e-03
-2.027940000000000211e-03
2.023602000000000044e-06
2.039897000000000151e-03
4.072099000000000031e-03
6.103372000000000137e-03
8.135078000000000448e-03
1.016729000000000070e-02
1.219432999999999975e-02
1.422535999999999939e-02
1.625665999999999917e-02
1.828841000000000147e-02
2.031894999999999882e-02
2.235188000000000105e-02
2.438653000000000001e-02
2.641506999999999883e-02
2.844906000000000171e-02
3.048073999999999922e-02
3.250954000000000343e-02
3.454284999999999994e-02
3.657428000000000068e-02
3.860323000000000226e-02
4.000216999999999662e-02
4.000213999999999853e-02
4.000213999999999853e-02
4.000217999999999829e-02
4.000222999999999973e-02
4.000217999999999829e-02
4.000225000000000308e-02
4.000217999999999829e-02
4.000216999999999662e-02
4.000220000000000165e-02
4.000225000000000308e-02
4.000222999999999973e-02
4.000225999999999782e-02
4.000225999999999782e-02
4.000224000000000141e-02
4.000221999999999806e-02
4.000221999999999806e-02
4.000220000000000165e-02
4.000230999999999926e-02
4.000236000000000069e-02
4.000230999999999926e-02
4.000222999999999973e-02
4.000233999999999734e-02
4.000236000000000069e-02
4.000237999999999711e-02
4.000237000000000237e-02
4.000233000000000261e-02
4.000226999999999949e-02
4.000221000000000332e-02
4.000238999999999878e-02
4.000229999999999758e-02
4.000234999999999902e-02
4.000236000000000069e-02
4.000232000000000093e-02
4.000230999999999926e-02
4.000228000000000117e-02
4.000230999999999926e-02
4.000233000000000261e-02
4.000236000000000069e-02
4.000230999999999926e-02
4.000229000000000285e-02
4.000233999999999734e-02
4.000226999999999949e-02
4.000237999999999711e-02
4.000236000000000069e-02
4.000232000000000093e-02
4.000238999999999878e-02
4.000228000000000117e-02
4.000240000000000046e-02
4.000236000000000069e-02
4.000244000000000022e-02
4.000245000000000190e-02
4.000232000000000093e-02
4.000233000000000261e-02
4.000237000000000237e-02
4.000237999999999711e-02
4.000234999999999902e-02
4.000237000000000237e-02
4.000241999999999687e-02
4.000237000000000237e-02
4.000238999999999878e-02
4.000240000000000046e-02
4.000241000000000213e-02
4.000229999999999758e-02
4.000241000000000213e-02
4.000233000000000261e-02
4.000233000000000261e-02
4.000237000000000237e-02
4.000237000000000237e-02
4.000233999999999734e-02
4.000238999999999878e-02
4.000233999999999734e-02
4.000224000000000141e-02
4.000226999999999949e-02
4.000237000000000237e-02
4.000233000000000261e-02
4.000230999999999926e-02
4.000234999999999902e-02
4.000233999999999734e-02
4.000232000000000093e-02
4.000230999999999926e-02
4.000232000000000093e-02
4.000237000000000237e-02
4.000230999999999926e-02
4.000221999999999806e-02
4.000228000000000117e-02
4.000183999999999684e-02
4.000180999999999876e-02
4.000183000000000211e-02
4.000183000000000211e-02
4.000179999999999708e-02
4.000188999999999828e-02
4.000176999999999899e-02
4.000182000000000043e-02
4.000179999999999708e-02
4.000176999999999899e-02
4.000182000000000043e-02
4.000179000000000235e-02
4.000179999999999708e-02
4.000180999999999876e-02
4.000180999999999876e-02
4.000184999999999852e-02
4.000187000000000187e-02
4.000175999999999732e-02
4.000183999999999684e-02
4.000175999999999732e-02
4.000186000000000019e-02
4.000180999999999876e-02
4.000175999999999732e-02
4.000176999999999899e-02
4.000180999999999876e-02
4.000180999999999876e-02
4.000183999999999684e-02
4.000176999999999899e-02
4.000183000000000211e-02
4.000189999999999996e-02
4.000180999999999876e-02
4.000188999999999828e-02
4.000175000000000258e-02
4.000183999999999684e-02
4.000189999999999996e-02
4.000187999999999661e-02
4.000187000000000187e-02
4.000179999999999708e-02
4.000183999999999684e-02
4.000184999999999852e-02
4.000184999999999852e-02
4.000178000000000067e-02
4.000183999999999684e-02
4.000183000000000211e-02
4.000186000000000019e-02
4.000179000000000235e-02
4.000184999999999852e-02
4.000189999999999996e-02
4.000191000000000163e-02
4.000189999999999996e-02
4.000180999999999876e-02
4.000189999999999996e-02
4.000192999999999804e-02
4.000193999999999972e-02
4.000184999999999852e-02
4.000191000000000163e-02
4.000178000000000067e-02
4.000187000000000187e-02
4.000182000000000043e-02
4.000195000000000140e-02
4.000189999999999996e-02
4.000192000000000331e-02
4.000180999999999876e-02
4.000182000000000043e-02
4.000192000000000331e-02
4.000189999999999996e-02
4.000189999999999996e-02
4.000196000000000307e-02
4.000191000000000163e-02
4.000191000000000163e-02
4.000183000000000211e-02
4.000184999999999852e-02
4.000192999999999804e-02
4.000188999999999828e-02
4.000197999999999948e-02
4.000187999999999661e-02
4.000188999999999828e-02
4.000191000000000163e-02
4.000196000000000307e-02
4.000195000000000140e-02
4.000192999999999804e-02
4.000195000000000140e-02
4.000196999999999781e-02
4.000192999999999804e-02
4.000188999999999828e-02
4.000187000000000187e-02
4.000196999999999781e-02
4.000193999999999972e-02
4.000192999999999804e-02
4.000193999999999972e-02
4.000191000000000163e-02
4.000195000000000140e-02
4.000195000000000140e-02
4.000199000000000116e-02
4.000195000000000140e-02
4.000183000000000211e-02
4.000191000000000163e-02
4.000183000000000211e-02
4.000197999999999948e-02
4.000191000000000163e-02
4.000183999999999684e-02
4.000196999999999781e-02
4.000193999999999972e-02
4.000193999999999972e-02
4.000192999999999804e-02
4.000192000000000331e-02
4.000191000000000163e-02
4.000196000000000307e-02
4.000192999999999804e-02
4.000187999999999661e-02
4.000188999999999828e-02
4.000192000000000331e-02
4.000196999999999781e-02
4.000187999999999661e-02
4.000200000000000283e-02
4.000199000000000116e-02
4.000200000000000283e-02
4.000195000000000140e-02
4.000200000000000283e-02
4.000191000000000163e-02
4.000200000000000283e-02
4.000196000000000307e-02
4.000197999999999948e-02
4.000192000000000331e-02
4.000197999999999948e-02
4.000196000000000307e-02
4.000199000000000116e-02
4.000196999999999781e-02
4.000191000000000163e-02
4.000199000000000116e-02
4.000197999999999948e-02
4.000200000000000283e-02
4.000184999999999852e-02
4.000191000000000163e-02
4.000196999999999781e-02
4.000195000000000140e-02
4.000191000000000163e-02
4.000197999999999948e-02
4.000192999999999804e-02
4.000205999999999901e-02
4.000200000000000283e-02
4.000200000000000283e-02
4.000208000000000236e-02
4.000193999999999972e-02
4.000200999999999757e-02
