--5.000000E+00

4.980000E+00

-4.960000E+00

-4.940000E+00

-4.920000E+00

-4.900000E+00

-4.880000E+00

-4.860000E+00

-4.840000E+00

-4.820000E+00,

-4.800000E+00,

-4.780000E+00

4.760000E+00

-4.740000

-4.720000E+00

-4.700000E+00

-4.680000E+00

-4.660000E+00
-4.6

-40000E+00

-4.620000E+00

-4.600000E+00

-4.580000E+00

-4.560000E+00

-4.540000E+00

-4.520000E+00

-4.500000E+00,

-4.480000E+00

-4.460000E+00

-4.440000E+00

-4.420000E+00,

-4.400000E+00

-4.380000E+0

-4.360000E+00

-4.340000E+00

-4.320000E+00

-4.300000E+00

4.2800E+00

-4.260000E+00

-4.240000E+00

-4.220000E+00

-4.200000E+00

4.180000E+00,

-4.160000E+00

-4.140000E+00

-4.120000E+00

-4.100000E+00

-4.080000E+00

-4.060000E+0

-4.040000E+00

-4.020000E+00

-4.000000E+00

-3.980000E+00

-3.960000E+00

-3.940000E+00

-3.920000

-3.900000E+00

-3.880000E+00

-3.860000E+00

-3.840000E+00

-3.820000E+00

-3.800000E+00

-3.780000E+0

-3.760000E+00

-3.740000E+00,

-3.720000E+00

-3.700000E+00

-3.680000E+00

-3.660000E+00

-3.640000E+00

-3.620000E+00

-3.600000E+00

-3.580000E+00

-3.560000E+0

-3.540000E+00

-3.520000E+00

,-3.500000E+00

-3.480000E+00

-3.460000E+00

-3.440000E+00

-3.420000E+00

-3.400000E+00

-3.380000E+00

3.360000E+00

-3.340000E+00

-3.320000E+00

-3.300000E+00
